#Parameters = {phi=0; theta=0}
#"Frequency / GHz"	"SZmax(1),Zmax(1) [Magnitude]"
#------------------------------------------------
61.200000000000	-11.438381695221
61.221600000000	-11.453352096010
61.243200000000	-11.468362149345
61.264800000000	-11.483411997546
61.286400000000	-11.498501783810
61.308000000000	-11.513631652220
61.329600000000	-11.528801747749
61.351200000000	-11.544012216268
61.372800000000	-11.559263204553
61.394400000000	-11.574554860293
61.416000000000	-11.589887332097
61.437600000000	-11.605260769503
61.459200000000	-11.620675322981
61.480800000000	-11.636131143945
61.502400000000	-11.651628384759
61.524000000000	-11.667167198743
61.545600000000	-11.682747740185
61.567200000000	-11.698370164345
61.588800000000	-11.714034627464
61.610400000000	-11.729741286772
61.632000000000	-11.745490300498
61.653600000000	-11.761281827875
61.675200000000	-11.777116029152
61.696800000000	-11.792993065596
61.718400000000	-11.808913099510
61.740000000000	-11.824876294232
61.761600000000	-11.840882814150
61.783200000000	-11.856932824708
61.804800000000	-11.873026492416
61.826400000000	-11.889163984857
61.848000000000	-11.905345470699
61.869600000000	-11.921571119701
61.891200000000	-11.937841102725
61.912800000000	-11.954155591741
61.934400000000	-11.970514759844
61.956000000000	-11.986918781254
61.977600000000	-12.003367831335
61.999200000000	-12.019862086595
62.020800000000	-12.036401724707
62.042400000000	-12.052986924507
62.064000000000	-12.069617866013
62.085600000000	-12.086294730432
62.107200000000	-12.103017700170
62.128800000000	-12.119786958841
62.150400000000	-12.136602691282
62.172000000000	-12.153465083559
62.193600000000	-12.170374322978
62.215200000000	-12.187330598100
62.236800000000	-12.204334098748
62.258400000000	-12.221385016019
62.280000000000	-12.238483542296
62.301600000000	-12.255629871256
62.323200000000	-12.272824197889
62.344800000000	-12.290066718501
62.366400000000	-12.307357630731
62.388000000000	-12.324697133561
62.409600000000	-12.342085427327
62.431200000000	-12.359522713734
62.452800000000	-12.377009195865
62.474400000000	-12.394545078198
62.496000000000	-12.412130566613
62.517600000000	-12.429765868405
62.539200000000	-12.447451192304
62.560800000000	-12.465186748479
62.582400000000	-12.482972748557
62.604000000000	-12.500809405632
62.625600000000	-12.518696934284
62.647200000000	-12.536635550587
62.668800000000	-12.554625472123
62.690400000000	-12.572666918003
62.712000000000	-12.590760108871
62.733600000000	-12.608905266926
62.755200000000	-12.627102615931
62.776800000000	-12.645352381233
62.798400000000	-12.663654789772
62.820000000000	-12.682010070100
62.841600000000	-12.700418452393
62.863200000000	-12.718880168470
62.884800000000	-12.737395451806
62.906400000000	-12.755964537546
62.928000000000	-12.774587662524
62.949600000000	-12.793265065279
62.971200000000	-12.811996986066
62.992800000000	-12.830783666881
63.014400000000	-12.849625351470
63.036000000000	-12.868522285348
63.057600000000	-12.887474715818
63.079200000000	-12.906482891987
63.100800000000	-12.925547064782
63.122400000000	-12.944667486968
63.144000000000	-12.963844413169
63.165600000000	-12.983078099882
63.187200000000	-13.002368805497
63.208800000000	-13.021716790314
63.230400000000	-13.041122316566
63.252000000000	-13.060585648432
63.273600000000	-13.080107052061
63.295200000000	-13.099686795588
63.316800000000	-13.119325149157
63.338400000000	-13.139022384938
63.360000000000	-13.158778777149
63.381600000000	-13.178594602074
63.403200000000	-13.198470138087
63.424800000000	-13.218405665672
63.446400000000	-13.238401467440
63.468000000000	-13.258457828158
63.489600000000	-13.278575034765
63.511200000000	-13.298753376395
63.532800000000	-13.318993144400
63.554400000000	-13.339294632375
63.576000000000	-13.359658136176
63.597600000000	-13.380083953946
63.619200000000	-13.400572386138
63.640800000000	-13.421123735541
63.662400000000	-13.441738307300
63.684000000000	-13.462416408942
63.705600000000	-13.483158350402
63.727200000000	-13.503964444048
63.748800000000	-13.524835004705
63.770400000000	-13.545770349679
63.792000000000	-13.566770798789
63.813600000000	-13.587836674387
63.835200000000	-13.608968301389
63.856800000000	-13.630166007299
63.878400000000	-13.651430122241
63.900000000000	-13.672760978980
63.921600000000	-13.694158912956
63.943200000000	-13.715624262311
63.964800000000	-13.737157367917
63.986400000000	-13.758758573408
64.008000000000	-13.780428225203
64.029600000000	-13.802166672547
64.051200000000	-13.823974267530
64.072800000000	-13.845851365127
64.094400000000	-13.867798323226
64.116000000000	-13.889815502658
64.137600000000	-13.911903267233
64.159200000000	-13.934061983768
64.180800000000	-13.956292022127
64.202400000000	-13.978593755247
64.224000000000	-14.000967559180
64.245600000000	-14.023413813119
64.267200000000	-14.045932899442
64.288800000000	-14.068525203740
64.310400000000	-14.091191114857
64.332000000000	-14.113931024927
64.353600000000	-14.136745329410
64.375200000000	-14.159634427129
64.396800000000	-14.182598720309
64.418400000000	-14.205638614616
64.440000000000	-14.228754519195
64.461600000000	-14.251946846713
64.483200000000	-14.275216013395
64.504800000000	-14.298562439070
64.526400000000	-14.321986547206
64.548000000000	-14.345488764960
64.569600000000	-14.369069523215
64.591200000000	-14.392729256627
64.612800000000	-14.416468403665
64.634400000000	-14.440287406662
64.656000000000	-14.464186711854
64.677600000000	-14.488166769429
64.699200000000	-14.512228033577
64.720800000000	-14.536370962530
64.742400000000	-14.560596018617
64.764000000000	-14.584903668309
64.785600000000	-14.609294382272
64.807200000000	-14.633768635414
64.828800000000	-14.658326906936
64.850400000000	-14.682969680389
64.872000000000	-14.707697443721
64.893600000000	-14.732510689333
64.915200000000	-14.757409914134
64.936800000000	-14.782395619595
64.958400000000	-14.807468311806
64.980000000000	-14.832628501531
65.001600000000	-14.857876704268
65.023200000000	-14.883213440307
65.044800000000	-14.908639234791
65.066400000000	-14.934154617772
65.088000000000	-14.959760124277
65.109600000000	-14.985456294370
65.131200000000	-15.011243673214
65.152800000000	-15.037122811136
65.174400000000	-15.063094263691
65.196000000000	-15.089158591733
65.217600000000	-15.115316361477
65.239200000000	-15.141568144573
65.260800000000	-15.167914518170
65.282400000000	-15.194356064992
65.304000000000	-15.220893373409
65.325600000000	-15.247527037507
65.347200000000	-15.274257657168
65.368800000000	-15.301085838139
65.390400000000	-15.328012192116
65.412000000000	-15.355037336817
65.433600000000	-15.382161896062
65.455200000000	-15.409386499858
65.476800000000	-15.436711784475
65.498400000000	-15.464138392534
65.520000000000	-15.491666973091
65.541600000000	-15.519298181722
65.563200000000	-15.547032680612
65.584800000000	-15.574871138644
65.606400000000	-15.602814231490
65.628000000000	-15.630862641703
65.649600000000	-15.659017058810
65.671200000000	-15.687278179410
65.692800000000	-15.715646707269
65.714400000000	-15.744123353420
65.736000000000	-15.772708836264
65.757600000000	-15.801403881670
65.779200000000	-15.830209223080
65.800800000000	-15.859125601620
65.822400000000	-15.888153766197
65.844000000000	-15.917294473621
65.865600000000	-15.946548488708
65.887200000000	-15.975916584396
65.908800000000	-16.005399541863
65.930400000000	-16.034998150641
65.952000000000	-16.064713208738
65.973600000000	-16.094545522761
65.995200000000	-16.124495908037
66.016800000000	-16.154565188744
66.038400000000	-16.184754198034
66.060000000000	-16.215063778170
66.081600000000	-16.245494780655
66.103200000000	-16.276048066371
66.124800000000	-16.306724505715
66.146400000000	-16.337524978744
66.168000000000	-16.368450375313
66.189600000000	-16.399501595227
66.211200000000	-16.430679548385
66.232800000000	-16.461985154939
66.254400000000	-16.493419345439
66.276000000000	-16.524983061002
66.297600000000	-16.556677253462
66.319200000000	-16.588502885542
66.340800000000	-16.620460931016
66.362400000000	-16.652552374884
66.384000000000	-16.684778213539
66.405600000000	-16.717139454950
66.427200000000	-16.749637118839
66.448800000000	-16.782272236865
66.470400000000	-16.815045852814
66.492000000000	-16.847959022787
66.513600000000	-16.881012815396
66.535200000000	-16.914208311964
66.556800000000	-16.947546606726
66.578400000000	-16.981028807039
66.600000000000	-17.014656033588
66.621600000000	-17.048429420606
66.643200000000	-17.082350116091
66.664800000000	-17.116419282031
66.686400000000	-17.150638094633
66.708000000000	-17.185007744556
66.729600000000	-17.219529437150
66.751200000000	-17.254204392697
66.772800000000	-17.289033846662
66.794400000000	-17.324019049944
66.816000000000	-17.359161269137
66.837600000000	-17.394461786792
66.859200000000	-17.429921901689
66.880800000000	-17.465542929111
66.902400000000	-17.501326201123
66.924000000000	-17.537273066867
66.945600000000	-17.573384892846
66.967200000000	-17.609663063230
66.988800000000	-17.646108980162
67.010400000000	-17.682724064069
67.032000000000	-17.719509753982
67.053600000000	-17.756467507866
67.075200000000	-17.793598802950
67.096800000000	-17.830905136071
67.118400000000	-17.868388024025
67.140000000000	-17.906049003918
67.161600000000	-17.943889633538
67.183200000000	-17.981911491725
67.204800000000	-18.020116178751
67.226400000000	-18.058505316714
67.248000000000	-18.097080549935
67.269600000000	-18.135843545367
67.291200000000	-18.174795993016
67.312800000000	-18.213939606361
67.334400000000	-18.253276122800
67.356000000000	-18.292807304096
67.377600000000	-18.332534936829
67.399200000000	-18.372460832874
67.420800000000	-18.412586829878
67.442400000000	-18.452914791749
67.464000000000	-18.493446609163
67.485600000000	-18.534184200081
67.507200000000	-18.575129510273
67.528800000000	-18.616284513863
67.550400000000	-18.657651213882
67.572000000000	-18.699231642834
67.593600000000	-18.741027863282
67.615200000000	-18.783041968441
67.636800000000	-18.825276082793
67.658400000000	-18.867732362709
67.680000000000	-18.910412997096
67.701600000000	-18.953320208051
67.723200000000	-18.996456251541
67.744800000000	-19.039823418095
67.766400000000	-19.083424033510
67.788000000000	-19.127260459586
67.809600000000	-19.171335094871
67.831200000000	-19.215650375426
67.852800000000	-19.260208775619
67.874400000000	-19.305012808925
67.896000000000	-19.350065028764
67.917600000000	-19.395368029345
67.939200000000	-19.440924446547
67.960800000000	-19.486736958814
67.982400000000	-19.532808288077
68.004000000000	-19.579141200706
68.025600000000	-19.625738508477
68.047200000000	-19.672603069578
68.068800000000	-19.719737789634
68.090400000000	-19.767145622768
68.112000000000	-19.814829572680
68.133600000000	-19.862792693772
68.155200000000	-19.911038092292
68.176800000000	-19.959568927516
68.198400000000	-20.008388412963
68.220000000000	-20.057499817648
68.241600000000	-20.106906467363
68.263200000000	-20.156611746008
68.284800000000	-20.206619096947
68.306400000000	-20.256932024415
68.328000000000	-20.307554094962
68.349600000000	-20.358488938937
68.371200000000	-20.409740252027
68.392800000000	-20.461311796830
68.414400000000	-20.513207404484
68.436000000000	-20.565430976342
68.457600000000	-20.617986485702
68.479200000000	-20.670877979586
68.500800000000	-20.724109580577
68.522400000000	-20.777685488714
68.544000000000	-20.831609983449
68.565600000000	-20.885887425657
68.587200000000	-20.940522259720
68.608800000000	-20.995519015676
68.630400000000	-21.050882311432
68.652000000000	-21.106616855056
68.673600000000	-21.162727447140
68.695200000000	-21.219218983240
68.716800000000	-21.276096456404
68.738400000000	-21.333364959774
68.760000000000	-21.391029689287
68.781600000000	-21.449095946454
68.803200000000	-21.507569141249
68.824800000000	-21.566454795087
68.846400000000	-21.625758543905
68.868000000000	-21.685486141357
68.889600000000	-21.745643462116
68.911200000000	-21.806236505291
68.932800000000	-21.867271397973
68.954400000000	-21.928754398898
68.976000000000	-21.990691902253
68.997600000000	-22.053090441611
69.019200000000	-22.115956694013
69.040800000000	-22.179297484207
69.062400000000	-22.243119789032
69.084000000000	-22.307430741980
69.105600000000	-22.372237637916
69.127200000000	-22.437547937990
69.148800000000	-22.503369274730
69.170400000000	-22.569709457333
69.192000000000	-22.636576477160
69.213600000000	-22.703978513453
69.235200000000	-22.771923939270
69.256800000000	-22.840421327658
69.278400000000	-22.909479458079
69.300000000000	-22.979107323091
69.321600000000	-23.049314135301
69.343200000000	-23.120109334610
69.364800000000	-23.191502595749
69.386400000000	-23.263503836139
69.408000000000	-23.336123224081
69.429600000000	-23.409371187285
69.451200000000	-23.483258421780
69.472800000000	-23.557795901197
69.494400000000	-23.632994886461
69.516000000000	-23.708866935916
69.537600000000	-23.785423915888
69.559200000000	-23.862678011730
69.580800000000	-23.940641739365
69.602400000000	-24.019327957354
69.624000000000	-24.098749879519
69.645600000000	-24.178921088157
69.667200000000	-24.259855547871
69.688800000000	-24.341567620052
69.710400000000	-24.424072078065
69.732000000000	-24.507384123155
69.753600000000	-24.591519401138
69.775200000000	-24.676494019907
69.796800000000	-24.762324567813
69.818400000000	-24.849028132970
69.840000000000	-24.936622323532
69.861600000000	-25.025125289015
69.883200000000	-25.114555742724
69.904800000000	-25.204932985349
69.926400000000	-25.296276929811
69.948000000000	-25.388608127435
69.969600000000	-25.481947795538
69.991200000000	-25.576317846522
70.012800000000	-25.671740918571
70.034400000000	-25.768240408068
70.056000000000	-25.865840503833
70.077600000000	-25.964566223327
70.099200000000	-26.064443450935
70.120800000000	-26.165498978492
70.142400000000	-26.267760548211
70.164000000000	-26.371256898165
70.185600000000	-26.476017810532
70.207200000000	-26.582074162802
70.228800000000	-26.689457982150
70.250400000000	-26.798202503231
70.272000000000	-26.908342229657
70.293600000000	-27.019912999427
70.315200000000	-27.132952054639
70.336800000000	-27.247498115809
70.358400000000	-27.363591461169
70.380000000000	-27.481274011364
70.401600000000	-27.600589419976
70.423200000000	-27.721583170372
70.444800000000	-27.844302679417
70.466400000000	-27.968797408640
70.488000000000	-28.095118983497
70.509600000000	-28.223321321470
70.531200000000	-28.353460769780
70.552800000000	-28.485596253594
70.574400000000	-28.619789435721
70.596000000000	-28.756104888853
70.617600000000	-28.894610281576
70.639200000000	-29.035376579478
70.660800000000	-29.178478262861
70.682400000000	-29.323993562721
70.704000000000	-29.472004716863
70.725600000000	-29.622598248268
70.747200000000	-29.775865268042
70.768800000000	-29.931901805628
70.790400000000	-30.090809169266
70.812000000000	-30.252694340074
70.833600000000	-30.417670403618
70.855200000000	-30.585857023297
70.876800000000	-30.757380960526
70.898400000000	-30.932376647364
70.920000000000	-31.110986818071
70.941600000000	-31.293363207023
70.963200000000	-31.479667321517
70.984800000000	-31.670071299344
71.006400000000	-31.864758862505
71.028000000000	-32.063926380332
71.049600000000	-32.267784057397
71.071200000000	-32.476557264216
71.092800000000	-32.690488031863
71.114400000000	-32.909836735300
71.136000000000	-33.134883994777
71.157600000000	-33.365932830078
71.179200000000	-33.603311109073
71.200800000000	-33.847374340138
71.222400000000	-34.098508868083
71.244000000000	-34.357135545598
71.265600000000	-34.623713967708
71.287200000000	-34.898747376071
71.308800000000	-35.182788364396
71.330400000000	-35.476445547253
71.352000000000	-35.780391394222
71.373600000000	-36.095371482504
71.395200000000	-36.422215487597
71.416800000000	-36.761850318928
71.438400000000	-37.115315922895
71.460000000000	-37.483784430434
71.481600000000	-37.868583535459
71.503200000000	-38.271225277060
71.524800000000	-38.693441795728
71.546400000000	-39.137230192810
71.568000000000	-39.604909420718
71.589600000000	-40.099193290692
71.611200000000	-40.623285399625
71.632800000000	-41.181004365570
71.654400000000	-41.776951756613
71.676000000000	-42.416741421173
71.697600000000	-43.107319222162
71.719200000000	-43.857419478309
71.740800000000	-44.678234566551
71.762400000000	-45.584428922365
71.784000000000	-46.595733159137
71.805600000000	-47.739564980716
71.827200000000	-49.055579290076
71.848800000000	-50.604117733174
71.870400000000	-52.483286902550
71.892000000000	-54.867379009159
71.913600000000	-58.104771843052
71.935200000000	-62.963177044613
71.956800000000	-68.685104257169
71.978400000000	-63.596831475681
72.000000000000	-58.508186774247
72.021600000000	-55.150624435202
72.043200000000	-52.699742363174
72.064800000000	-50.778807697249
72.086400000000	-49.201850005921
72.108000000000	-47.865298425721
72.129600000000	-46.705951084166
72.151200000000	-45.682520267191
72.172800000000	-44.766591244170
72.194400000000	-43.937791260665
72.216000000000	-43.181024087721
72.237600000000	-42.484796500976
72.259200000000	-41.840158242448
72.280800000000	-41.240004491223
72.302400000000	-40.678601819567
72.324000000000	-40.151256992587
72.345600000000	-39.654079952690
72.367200000000	-39.183810609319
72.388800000000	-38.737689893051
72.410400000000	-38.313362170437
72.432000000000	-37.908800297947
72.453600000000	-37.522247295970
72.475200000000	-37.152170410482
72.496800000000	-36.797224535539
72.518400000000	-36.456222798428
72.540000000000	-36.128112688534
72.561600000000	-35.811956522248
72.583200000000	-35.506915332266
72.604800000000	-35.212235485618
72.626400000000	-34.927237494172
72.648000000000	-34.651306600376
72.669600000000	-34.383884810763
72.691200000000	-34.124464118091
72.712800000000	-33.872580705516
72.734400000000	-33.627809966925
72.756000000000	-33.389762209302
72.777600000000	-33.158078928060
72.799200000000	-32.932429566063
72.820800000000	-32.712508682893
72.842400000000	-32.498033473595
72.864000000000	-32.288741586379
72.885600000000	-32.084389197087
72.907200000000	-31.884749305002
72.928800000000	-31.689610220168
72.950400000000	-31.498774216958
72.972000000000	-31.312056332445
72.993600000000	-31.129283291284
73.015200000000	-30.950292541452
73.036800000000	-30.774931387407
73.058400000000	-30.603056209091
73.080000000000	-30.434531756782
73.101600000000	-30.269230513111
73.123200000000	-30.107032114725
73.144800000000	-29.947822827017
73.166400000000	-29.791495066199
73.188000000000	-29.637946963670
73.209600000000	-29.487081968282
73.231200000000	-29.338808482616
73.252800000000	-29.193039529816
73.274400000000	-29.049692447984
73.296000000000	-28.908688609414
73.317600000000	-28.769953162304
73.339200000000	-28.633414792805
73.360800000000	-28.499005505528
73.382400000000	-28.366660420803
73.404000000000	-28.236317587198
73.425600000000	-28.107917807919
73.447200000000	-27.981404479893
73.468800000000	-27.856723444427
73.490400000000	-27.733822848465
73.512000000000	-27.612653015549
73.533600000000	-27.493166325683
73.555200000000	-27.375317103371
73.576800000000	-27.259061513173
73.598400000000	-27.144357462178
73.620000000000	-27.031164508858
73.641600000000	-26.919443777800
73.663200000000	-26.809157879869
73.684800000000	-26.700270837404
73.706400000000	-26.592748014047
73.728000000000	-26.486556048892
73.749600000000	-26.381662794618
73.771200000000	-26.278037259331
73.792800000000	-26.175649551846
73.814400000000	-26.074470830177
73.836000000000	-25.974473252991
73.857600000000	-25.875629933856
73.879200000000	-25.777914898059
73.900800000000	-25.681303041843
73.922400000000	-25.585770093899
73.944000000000	-25.491292578961
73.965600000000	-25.397847783367
73.987200000000	-25.305413722466
74.008800000000	-25.213969109747
74.030400000000	-25.123493327591
74.052000000000	-25.033966399528
74.073600000000	-24.945368963927
74.095200000000	-24.857682249018
74.116800000000	-24.770888049171
74.138400000000	-24.684968702352
74.160000000000	-24.599907068693
74.181600000000	-24.515686510110
74.203200000000	-24.432290870900
74.224800000000	-24.349704459271
74.246400000000	-24.267912029745
74.268000000000	-24.186898766391
74.289600000000	-24.106650266833
74.311200000000	-24.027152527003
74.332800000000	-23.948391926578
74.354400000000	-23.870355215090
74.376000000000	-23.793029498650
74.397600000000	-23.716402227267
74.419200000000	-23.640461182719
74.440800000000	-23.565194466964
74.462400000000	-23.490590491043
74.484000000000	-23.416637964468
74.505600000000	-23.343325885054
74.527200000000	-23.270643529184
74.548800000000	-23.198580442484
74.570400000000	-23.127126430877
74.592000000000	-23.056271552017
74.613600000000	-22.986006107060
74.635200000000	-22.916320632777
74.656800000000	-22.847205893983
74.678400000000	-22.778652876263
74.700000000000	-22.710652778988
74.721600000000	-22.643197008609
74.743200000000	-22.576277172206
74.764800000000	-22.509885071288
74.786400000000	-22.444012695836
74.808000000000	-22.378652218559
74.829600000000	-22.313795989386
74.851200000000	-22.249436530145
74.872800000000	-22.185566529455
74.894400000000	-22.122178837796
74.916000000000	-22.059266462769
74.937600000000	-21.996822564519
74.959200000000	-21.934840451328
74.980800000000	-21.873313575369
75.002400000000	-21.812235528606
75.024000000000	-21.751600038839
75.045600000000	-21.691400965892
75.067200000000	-21.631632297931
75.088800000000	-21.572288147910
75.110400000000	-21.513362750138
75.132000000000	-21.454850456964
75.153600000000	-21.396745735578
75.175200000000	-21.339043164911
75.196800000000	-21.281737432650
75.218400000000	-21.224823332341
75.240000000000	-21.168295760597
75.261600000000	-21.112149714391
75.283200000000	-21.056380288442
75.304800000000	-21.000982672678
75.326400000000	-20.945952149795
75.348000000000	-20.891284092875
75.369600000000	-20.836973963099
75.391200000000	-20.783017307513
75.412800000000	-20.729409756883
75.434400000000	-20.676147023600
75.456000000000	-20.623224899665
75.477600000000	-20.570639254722
75.499200000000	-20.518386034159
75.520800000000	-20.466461257269
75.542400000000	-20.414861015459
75.564000000000	-20.363581470521
75.585600000000	-20.312618852944
75.607200000000	-20.261969460290
75.628800000000	-20.211629655604
75.650400000000	-20.161595865881
75.672000000000	-20.111864580574
75.693600000000	-20.062432350143
75.715200000000	-20.013295784648
75.736800000000	-19.964451552382
75.758400000000	-19.915896378547
75.780000000000	-19.867627043959
75.801600000000	-19.819640383795
75.823200000000	-19.771933286377
75.844800000000	-19.724502691984
75.866400000000	-19.677345591703
75.888000000000	-19.630459026306
75.909600000000	-19.583840085161
75.931200000000	-19.537485905175
75.952800000000	-19.491393669760
75.974400000000	-19.445560607828
75.996000000000	-19.399983992822
76.017600000000	-19.354661141756
76.039200000000	-19.309589414299
76.060800000000	-19.264766211865
76.082400000000	-19.220188976747
76.104000000000	-19.175855191250
76.125600000000	-19.131762376872
76.147200000000	-19.087908093484
76.168800000000	-19.044289938544
76.190400000000	-19.000905546328
76.212000000000	-18.957752587179
76.233600000000	-18.914828766777
76.255200000000	-18.872131825427
76.276800000000	-18.829659537361
76.298400000000	-18.787409710068
76.320000000000	-18.745380183624
76.341600000000	-18.703568830057
76.363200000000	-18.661973552711
76.384800000000	-18.620592285641
76.406400000000	-18.579422993007
76.428000000000	-18.538463668495
76.449600000000	-18.497712334748
76.471200000000	-18.457167042809
76.492800000000	-18.416825871577
76.514400000000	-18.376686927280
76.536000000000	-18.336748342956
76.557600000000	-18.297008277949
76.579200000000	-18.257464917416
76.600800000000	-18.218116471845
76.622400000000	-18.178961176584
76.644000000000	-18.139997291384
76.665600000000	-18.101223099946
76.687200000000	-18.062636909485
76.708800000000	-18.024237050302
76.730400000000	-17.986021875362
76.752000000000	-17.947989759887
76.773600000000	-17.910139100954
76.795200000000	-17.872468317107
76.816800000000	-17.834975847969
76.838400000000	-17.797660153873
76.860000000000	-17.760519715492
76.881600000000	-17.723553033484
76.903200000000	-17.686758628141
76.924800000000	-17.650135039046
76.946400000000	-17.613680824740
76.968000000000	-17.577394562392
76.989600000000	-17.541274847478
77.011200000000	-17.505320293472
77.032800000000	-17.469529531531
77.054400000000	-17.433901210203
77.076000000000	-17.398433995127
77.097600000000	-17.363126568744
77.119200000000	-17.327977630023
77.140800000000	-17.292985894174
77.162400000000	-17.258150092388
77.184000000000	-17.223468971563
77.205600000000	-17.188941294053
77.227200000000	-17.154565837408
77.248800000000	-17.120341394127
77.270400000000	-17.086266771418
77.292000000000	-17.052340790951
77.313600000000	-17.018562288634
77.335200000000	-16.984930114376
77.356800000000	-16.951443131865
77.378400000000	-16.918100218350
77.400000000000	-16.884900264423
77.421600000000	-16.851842173807
77.443200000000	-16.818924863149
77.464800000000	-16.786147261820
77.486400000000	-16.753508311710
77.508000000000	-16.721006967038
77.529600000000	-16.688642194158
77.551200000000	-16.656412971370
77.572800000000	-16.624318288739
77.594400000000	-16.592357147910
77.616000000000	-16.560528561936
77.637600000000	-16.528831555100
77.659200000000	-16.497265162744
77.680800000000	-16.465828431107
77.702400000000	-16.434520417154
77.724000000000	-16.403340188421
77.745600000000	-16.372286822852
77.767200000000	-16.341359408646
77.788800000000	-16.310557044107
77.810400000000	-16.279878837490
77.832000000000	-16.249323906856
77.853600000000	-16.218891379931
77.875200000000	-16.188580393960
77.896800000000	-16.158390095573
77.918400000000	-16.128319640644
77.940000000000	-16.098368194159
77.961600000000	-16.068534930087
77.983200000000	-16.038819031248
78.004800000000	-16.009219689188
78.026400000000	-15.979736104052
78.048000000000	-15.950367484465
78.069600000000	-15.921113047411
78.091200000000	-15.891972018114
78.112800000000	-15.862943629921
78.134400000000	-15.834027124194
78.156000000000	-15.805221750190
78.177600000000	-15.776526764958
78.199200000000	-15.747941433225
78.220800000000	-15.719465027295
78.242400000000	-15.691096826944
78.264000000000	-15.662836119313
78.285600000000	-15.634682198812
78.307200000000	-15.606634367021
78.328800000000	-15.578691932588
78.350400000000	-15.550854211137
78.372000000000	-15.523120525175
78.393600000000	-15.495490203997
78.415200000000	-15.467962583593
78.436800000000	-15.440537006566
78.458400000000	-15.413212822035
78.480000000000	-15.385989385556
78.501600000000	-15.358866059032
78.523200000000	-15.331842210632
78.544800000000	-15.304917214707
78.566400000000	-15.278090451711
78.588000000000	-15.251361308119
78.609600000000	-15.224729176353
78.631200000000	-15.198193454697
78.652800000000	-15.171753547231
78.674400000000	-15.145408863750
78.696000000000	-15.119158819690
78.717600000000	-15.093002836062
78.739200000000	-15.066940339373
78.760800000000	-15.040970761564
78.782400000000	-15.015093539934
78.804000000000	-14.989308117078
78.825600000000	-14.963613940817
78.847200000000	-14.938010464131
78.868800000000	-14.912497145102
78.890400000000	-14.887073446840
78.912000000000	-14.861738837429
78.933600000000	-14.836492789861
78.955200000000	-14.811334781975
78.976800000000	-14.786264296401
78.998400000000	-14.761280820497
79.020000000000	-14.736383846295
79.041600000000	-14.711572870440
79.063200000000	-14.686847394137
79.084800000000	-14.662206923093
79.106400000000	-14.637650967467
79.128000000000	-14.613179041812
79.149600000000	-14.588790665022
79.171200000000	-14.564485360284
79.192800000000	-14.540262655024
79.214400000000	-14.516122080857
79.236000000000	-14.492063173536
79.257600000000	-14.468085472906
79.279200000000	-14.444188522852
79.300800000000	-14.420371871256
79.322400000000	-14.396635069946
79.344000000000	-14.372977674651
79.365600000000	-14.349399244957
79.387200000000	-14.325899344261
79.408800000000	-14.302477539726
79.430400000000	-14.279133402240
79.452000000000	-14.255866506370
79.473600000000	-14.232676430322
79.495200000000	-14.209562755899
79.516800000000	-14.186525068458
79.538400000000	-14.163562956873
79.560000000000	-14.140676013492
79.581600000000	-14.117863834098
79.603200000000	-14.095126017873
79.624800000000	-14.072462167356
79.646400000000	-14.049871888407
79.668000000000	-14.027354790171
79.689600000000	-14.004910485039
79.711200000000	-13.982538588615
79.732800000000	-13.960238719677
79.754400000000	-13.938010500142
79.776000000000	-13.915853555036
79.797600000000	-13.893767512453
79.819200000000	-13.871752003528
79.840800000000	-13.849806662398
79.862400000000	-13.827931126173
79.884000000000	-13.806125034902
79.905600000000	-13.784388031542
79.927200000000	-13.762719761926
79.948800000000	-13.741119874733
79.970400000000	-13.719588021453
79.992000000000	-13.698123856365
80.013600000000	-13.676727036500
80.035200000000	-13.655397221613
80.056800000000	-13.634134074157
80.078400000000	-13.612937259253
80.100000000000	-13.591806444658
80.121600000000	-13.570741300745
80.143200000000	-13.549741500467
80.164800000000	-13.528806719336
80.186400000000	-13.507936635393
80.208000000000	-13.487130929183
80.229600000000	-13.466389283729
80.251200000000	-13.445711384506
80.272800000000	-13.425096919414
80.294400000000	-13.404545578755
80.316000000000	-13.384057055209
80.337600000000	-13.363631043807
80.359200000000	-13.343267241909
80.380800000000	-13.322965349177
80.402400000000	-13.302725067558
80.424000000000	-13.282546101253
80.445600000000	-13.262428156699
80.467200000000	-13.242370942547
80.488800000000	-13.222374169636
80.510400000000	-13.202437550973
80.532000000000	-13.182560801711
80.553600000000	-13.162743639130
80.575200000000	-13.142985782610
80.596800000000	-13.123286953617
80.618400000000	-13.103646875676
80.640000000000	-13.084065274355
80.661600000000	-13.064541877244
80.683200000000	-13.045076413934
80.704800000000	-13.025668615995
80.726400000000	-13.006318216964
80.748000000000	-12.987024952318
80.769600000000	-12.967788559460
80.791200000000	-12.948608777696
80.812800000000	-12.929485348223
80.834400000000	-12.910418014103
80.856000000000	-12.891406520250
80.877600000000	-12.872450613414
80.899200000000	-12.853550042155
80.920800000000	-12.834704556835
80.942400000000	-12.815913909595
80.964000000000	-12.797177854342
80.985600000000	-12.778496146727
81.007200000000	-12.759868544134
81.028800000000	-12.741294805660
81.050400000000	-12.722774692100
81.072000000000	-12.704307965933
81.093600000000	-12.685894391301
81.115200000000	-12.667533733999
81.136800000000	-12.649225761457
81.158400000000	-12.630970242724
81.180000000000	-12.612766948456
81.201600000000	-12.594615650897
81.223200000000	-12.576516123867
81.244800000000	-12.558468142748
81.266400000000	-12.540471484467
81.288000000000	-12.522525927485
81.309600000000	-12.504631251780
81.331200000000	-12.486787238834
81.352800000000	-12.468993671621
81.374400000000	-12.451250334593
81.396000000000	-12.433557013664
81.417600000000	-12.415913496199
81.439200000000	-12.398319571001
81.460800000000	-12.380775028297
81.482400000000	-12.363279659728
81.504000000000	-12.345833258330
81.525600000000	-12.328435618529
81.547200000000	-12.311086536125
81.568800000000	-12.293785808278
81.590400000000	-12.276533233500
81.612000000000	-12.259328611642
81.633600000000	-12.242171743877
81.655200000000	-12.225062432697
81.676800000000	-12.208000481896
81.698400000000	-12.190985696557
81.720000000000	-12.174017883047
81.741600000000	-12.157096849000
81.763200000000	-12.140222403309
81.784800000000	-12.123394356113
81.806400000000	-12.106612518788
81.828000000000	-12.089876703938
81.849600000000	-12.073186725378
81.871200000000	-12.056542398131
81.892800000000	-12.039943538413
81.914400000000	-12.023389963625
81.936000000000	-12.006881492341
81.957600000000	-11.990417944299
81.979200000000	-11.973999140393
82.000800000000	-11.957624902660
82.022400000000	-11.941295054271
82.044000000000	-11.925009419524
82.065600000000	-11.908767823831
82.087200000000	-11.892570093712
82.108800000000	-11.876416056783
82.130400000000	-11.860305541747
82.152000000000	-11.844238378387
82.173600000000	-11.828214397557
82.195200000000	-11.812233431169
82.216800000000	-11.796295312189
82.238400000000	-11.780399874627
82.260000000000	-11.764546953527
82.281600000000	-11.748736384958
82.303200000000	-11.732968006010
82.324800000000	-11.717241654780
82.346400000000	-11.701557170368
82.368000000000	-11.685914392866
82.389600000000	-11.670313163352
82.411200000000	-11.654753323881
82.432800000000	-11.639234717477
82.454400000000	-11.623757188124
82.476000000000	-11.608320580763
82.497600000000	-11.592924741278
82.519200000000	-11.577569516493
82.540800000000	-11.562254754163
82.562400000000	-11.546980302964
82.584000000000	-11.531746012491
82.605600000000	-11.516551733247
82.627200000000	-11.501397316635
82.648800000000	-11.486282614956
82.670400000000	-11.471207481395
82.692000000000	-11.456171770019
82.713600000000	-11.441175335769
82.735200000000	-11.426218034450
82.756800000000	-11.411299722731
82.778400000000	-11.396420258130
82.800000000000	-11.381579499015
