#Parameters = {phi=0; theta=0}
#"Frequency / GHz"	"SZmin(1),Zmax(1) [Magnitude]"
#------------------------------------------------
61.200000000000	-0.32914805318817
61.221600000000	-0.32798866328722
61.243200000000	-0.32683060175629
61.264800000000	-0.32567387348812
61.286400000000	-0.32451848337593
61.308000000000	-0.32336443631341
61.329600000000	-0.32221173719463
61.351200000000	-0.32106039091406
61.372800000000	-0.31991040236645
61.394400000000	-0.31876177644686
61.416000000000	-0.31761451805058
61.437600000000	-0.31646863207306
61.459200000000	-0.31532412340993
61.480800000000	-0.31418099695690
61.502400000000	-0.31303925760976
61.524000000000	-0.31189891026429
61.545600000000	-0.31075995981624
61.567200000000	-0.30962241116130
61.588800000000	-0.30848626919503
61.610400000000	-0.30735153881284
61.632000000000	-0.30621822490990
61.653600000000	-0.30508633238117
61.675200000000	-0.30395586612126
61.696800000000	-0.30282683102449
61.718400000000	-0.30169923198476
61.740000000000	-0.30057307389556
61.761600000000	-0.29944836164988
61.783200000000	-0.29832510014019
61.804800000000	-0.29720329425842
61.826400000000	-0.29608294889587
61.848000000000	-0.29496406894318
61.869600000000	-0.29384665929029
61.891200000000	-0.29273072482640
61.912800000000	-0.29161627043991
61.934400000000	-0.29050330101839
61.956000000000	-0.28939182144851
61.977600000000	-0.28828183661605
61.999200000000	-0.28717335140577
62.020800000000	-0.28606637070143
62.042400000000	-0.28496089938574
62.064000000000	-0.28385694234028
62.085600000000	-0.28275450444547
62.107200000000	-0.28165359058055
62.128800000000	-0.28055420562348
62.150400000000	-0.27945635445097
62.172000000000	-0.27836004193835
62.193600000000	-0.27726527295958
62.215200000000	-0.27617205238718
62.236800000000	-0.27508038509222
62.258400000000	-0.27399027594422
62.280000000000	-0.27290172981114
62.301600000000	-0.27181475155930
62.323200000000	-0.27072934605340
62.344800000000	-0.26964551815640
62.366400000000	-0.26856327272952
62.388000000000	-0.26748261463217
62.409600000000	-0.26640354872191
62.431200000000	-0.26532607985441
62.452800000000	-0.26425021288342
62.474400000000	-0.26317595266066
62.496000000000	-0.26210330403584
62.517600000000	-0.26103227185660
62.539200000000	-0.25996286096844
62.560800000000	-0.25889507621467
62.582400000000	-0.25782892243642
62.604000000000	-0.25676440447251
62.625600000000	-0.25570152715947
62.647200000000	-0.25464029533146
62.668800000000	-0.25358071382023
62.690400000000	-0.25252278745509
62.712000000000	-0.25146652106283
62.733600000000	-0.25041191946769
62.755200000000	-0.24935898749134
62.776800000000	-0.24830772995277
62.798400000000	-0.24725815166830
62.820000000000	-0.24621025745151
62.841600000000	-0.24516405211320
62.863200000000	-0.24411954046132
62.884800000000	-0.24307672730097
62.906400000000	-0.24203561743429
62.928000000000	-0.24099621566047
62.949600000000	-0.23995852677566
62.971200000000	-0.23892255557296
62.992800000000	-0.23788830684235
63.014400000000	-0.23685578537063
63.036000000000	-0.23582499594140
63.057600000000	-0.23479594333500
63.079200000000	-0.23376863232848
63.100800000000	-0.23274306769550
63.122400000000	-0.23171925420636
63.144000000000	-0.23069719662788
63.165600000000	-0.22967689972339
63.187200000000	-0.22865836825269
63.208800000000	-0.22764160697197
63.230400000000	-0.22662662063379
63.252000000000	-0.22561341398703
63.273600000000	-0.22460199177681
63.295200000000	-0.22359235874449
63.316800000000	-0.22258451962760
63.338400000000	-0.22157847915977
63.360000000000	-0.22057424207074
63.381600000000	-0.21957181308622
63.403200000000	-0.21857119692797
63.424800000000	-0.21757239831361
63.446400000000	-0.21657542195669
63.468000000000	-0.21558027256658
63.489600000000	-0.21458695484843
63.511200000000	-0.21359547350314
63.532800000000	-0.21260583322729
63.554400000000	-0.21161803871311
63.576000000000	-0.21063209464842
63.597600000000	-0.20964800571660
63.619200000000	-0.20866577659649
63.640800000000	-0.20768541196245
63.662400000000	-0.20670691648417
63.684000000000	-0.20573029482674
63.705600000000	-0.20475555165054
63.727200000000	-0.20378269161123
63.748800000000	-0.20281171935964
63.770400000000	-0.20184263954179
63.792000000000	-0.20087545679883
63.813600000000	-0.19991017576694
63.835200000000	-0.19894680107735
63.856800000000	-0.19798533735625
63.878400000000	-0.19702578922474
63.900000000000	-0.19606816129881
63.921600000000	-0.19511245818927
63.943200000000	-0.19415868450172
63.964800000000	-0.19320684483647
63.986400000000	-0.19225694378854
64.008000000000	-0.19130898594756
64.029600000000	-0.19036297589776
64.051200000000	-0.18941891821790
64.072800000000	-0.18847681748123
64.094400000000	-0.18753667825546
64.116000000000	-0.18659850510268
64.137600000000	-0.18566230257932
64.159200000000	-0.18472807523613
64.180800000000	-0.18379582761809
64.202400000000	-0.18286556426440
64.224000000000	-0.18193728970839
64.245600000000	-0.18101100847753
64.267200000000	-0.18008672509332
64.288800000000	-0.17916444407129
64.310400000000	-0.17824416992092
64.332000000000	-0.17732590714561
64.353600000000	-0.17640966024264
64.375200000000	-0.17549543370309
64.396800000000	-0.17458323201182
64.418400000000	-0.17367305964741
64.440000000000	-0.17276492108213
64.461600000000	-0.17185882078186
64.483200000000	-0.17095476320607
64.504800000000	-0.17005275280777
64.526400000000	-0.16915279403343
64.548000000000	-0.16825489132299
64.569600000000	-0.16735904910975
64.591200000000	-0.16646527182038
64.612800000000	-0.16557356387483
64.634400000000	-0.16468392968629
64.656000000000	-0.16379637366115
64.677600000000	-0.16291090019898
64.699200000000	-0.16202751369241
64.720800000000	-0.16114621852717
64.742400000000	-0.16026701908197
64.764000000000	-0.15938991972849
64.785600000000	-0.15851492483133
64.807200000000	-0.15764203874795
64.828800000000	-0.15677126582863
64.850400000000	-0.15590261041644
64.872000000000	-0.15503607684714
64.893600000000	-0.15417166944921
64.915200000000	-0.15330939254372
64.936800000000	-0.15244925044435
64.958400000000	-0.15159124745732
64.980000000000	-0.15073538788132
65.001600000000	-0.14988167600750
65.023200000000	-0.14903011611940
65.044800000000	-0.14818071249289
65.066400000000	-0.14733346939617
65.088000000000	-0.14648839108968
65.109600000000	-0.14564548182607
65.131200000000	-0.14480474585016
65.152800000000	-0.14396618739887
65.174400000000	-0.14312981070119
65.196000000000	-0.14229561997814
65.217600000000	-0.14146361944272
65.239200000000	-0.14063381329983
65.260800000000	-0.13980620574628
65.282400000000	-0.13898080097069
65.304000000000	-0.13815760315351
65.325600000000	-0.13733661646688
65.347200000000	-0.13651784507467
65.368800000000	-0.13570129313239
65.390400000000	-0.13488696478715
65.412000000000	-0.13407486417763
65.433600000000	-0.13326499543401
65.455200000000	-0.13245736267792
65.476800000000	-0.13165197002246
65.498400000000	-0.13084882157204
65.520000000000	-0.13004792142244
65.541600000000	-0.12924927366071
65.563200000000	-0.12845288236513
65.584800000000	-0.12765875160518
65.606400000000	-0.12686688544148
65.628000000000	-0.12607728792574
65.649600000000	-0.12528996310075
65.671200000000	-0.12450491500027
65.692800000000	-0.12372214764906
65.714400000000	-0.12294166506277
65.736000000000	-0.12216347124794
65.757600000000	-0.12138757020194
65.779200000000	-0.12061396591289
65.800800000000	-0.11984266235968
65.822400000000	-0.11907366351188
65.844000000000	-0.11830697332971
65.865600000000	-0.11754259576399
65.887200000000	-0.11678053475610
65.908800000000	-0.11602079423794
65.930400000000	-0.11526337813186
65.952000000000	-0.11450829035063
65.973600000000	-0.11375553479744
65.995200000000	-0.11300511536578
66.016800000000	-0.11225703593943
66.038400000000	-0.11151130039243
66.060000000000	-0.11076791258902
66.081600000000	-0.11002687638360
66.103200000000	-0.10928819562068
66.124800000000	-0.10855187413483
66.146400000000	-0.10781791575068
66.168000000000	-0.10708632428280
66.189600000000	-0.10635710353573
66.211200000000	-0.10563025730391
66.232800000000	-0.10490578937159
66.254400000000	-0.10418370351289
66.276000000000	-0.10346400349164
66.297600000000	-0.10274669306143
66.319200000000	-0.10203177596551
66.340800000000	-0.10131925593678
66.362400000000	-0.10060913669772
66.384000000000	-0.099901421960374
66.405600000000	-0.099196115426279
66.427200000000	-0.098493220786450
66.448800000000	-0.097792741721320
66.470400000000	-0.097094681900703
66.492000000000	-0.096399044983748
66.513600000000	-0.095705834618905
66.535200000000	-0.095015054443873
66.556800000000	-0.094326708085565
66.578400000000	-0.093640799160064
66.600000000000	-0.092957331272577
66.621600000000	-0.092276308017402
66.643200000000	-0.091597732977876
66.664800000000	-0.090921609726342
66.686400000000	-0.090247941824104
66.708000000000	-0.089576732821385
66.729600000000	-0.088907986257284
66.751200000000	-0.088241705659744
66.772800000000	-0.087577894545501
66.794400000000	-0.086916556420040
66.816000000000	-0.086257694777574
66.837600000000	-0.085601313100975
66.859200000000	-0.084947414861761
66.880800000000	-0.084296003520037
66.902400000000	-0.083647082524459
66.924000000000	-0.083000655312200
66.945600000000	-0.082356725308899
66.967200000000	-0.081715295928633
66.988800000000	-0.081076370573866
67.010400000000	-0.080439952635420
67.032000000000	-0.079806045492421
67.053600000000	-0.079174652512278
67.075200000000	-0.078545777050625
67.096800000000	-0.077919422451296
67.118400000000	-0.077295592046275
67.140000000000	-0.076674289155666
67.161600000000	-0.076055517087648
67.183200000000	-0.075439279138437
67.204800000000	-0.074825578592254
67.226400000000	-0.074214418721271
67.248000000000	-0.073605802785589
67.269600000000	-0.072999734033194
67.291200000000	-0.072396215699913
67.312800000000	-0.071795251009376
67.334400000000	-0.071196843172999
67.356000000000	-0.070600995389913
67.377600000000	-0.070007710846952
67.399200000000	-0.069416992718601
67.420800000000	-0.068828844166966
67.442400000000	-0.068243268341740
67.464000000000	-0.067660268380148
67.485600000000	-0.067079847406935
67.507200000000	-0.066502008534307
67.528800000000	-0.065926754861911
67.550400000000	-0.065354089476783
67.572000000000	-0.064784015453325
67.593600000000	-0.064216535853262
67.615200000000	-0.063651653725605
67.636800000000	-0.063089372106619
67.658400000000	-0.062529694019783
67.680000000000	-0.061972622475753
67.701600000000	-0.061418160472333
67.723200000000	-0.060866310994436
67.744800000000	-0.060317077014047
67.766400000000	-0.059770461490185
67.788000000000	-0.059226467368878
67.809600000000	-0.058685097583118
67.831200000000	-0.058146355052830
67.852800000000	-0.057610242684839
67.874400000000	-0.057076763372829
67.896000000000	-0.056545919997321
67.917600000000	-0.056017715425623
67.939200000000	-0.055492152511812
67.960800000000	-0.054969234096683
67.982400000000	-0.054448963007729
68.004000000000	-0.053931342059107
68.025600000000	-0.053416374051589
68.047200000000	-0.052904061772550
68.068800000000	-0.052394407995917
68.090400000000	-0.051887415482153
68.112000000000	-0.051383086978199
68.133600000000	-0.050881425217472
68.155200000000	-0.050382432919812
68.176800000000	-0.049886112791450
68.198400000000	-0.049392467524990
68.220000000000	-0.048901499799356
68.241600000000	-0.048413212279783
68.263200000000	-0.047927607617768
68.284800000000	-0.047444688451043
68.306400000000	-0.046964457403545
68.328000000000	-0.046486917085388
68.349600000000	-0.046012070092825
68.371200000000	-0.045539919008222
68.392800000000	-0.045070466400025
68.414400000000	-0.044603714822728
68.436000000000	-0.044139666816846
68.457600000000	-0.043678324908886
68.479200000000	-0.043219691611303
68.500800000000	-0.042763769422498
68.522400000000	-0.042310560826755
68.544000000000	-0.041860068294238
68.565600000000	-0.041412294280943
68.587200000000	-0.040967241228686
68.608800000000	-0.040524911565054
68.630400000000	-0.040085307703394
68.652000000000	-0.039648432042776
68.673600000000	-0.039214286967958
68.695200000000	-0.038782874849375
68.716800000000	-0.038354198043096
68.738400000000	-0.037928258890797
68.760000000000	-0.037505059719741
68.781600000000	-0.037084602842742
68.803200000000	-0.036666890558143
68.824800000000	-0.036251925149788
68.846400000000	-0.035839708886994
68.868000000000	-0.035430244024516
68.889600000000	-0.035023532802534
68.911200000000	-0.034619577446622
68.932800000000	-0.034218380167710
68.954400000000	-0.033819943162077
68.976000000000	-0.033424268611307
68.997600000000	-0.033031358682278
69.019200000000	-0.032641215527123
69.040800000000	-0.032253841283215
69.062400000000	-0.031869238073132
69.084000000000	-0.031487408004638
69.105600000000	-0.031108353170663
69.127200000000	-0.030732075649264
69.148800000000	-0.030358577503612
69.170400000000	-0.029987860781963
69.192000000000	-0.029619927517634
69.213600000000	-0.029254779728981
69.235200000000	-0.028892419419371
69.256800000000	-0.028532848577159
69.278400000000	-0.028176069175672
69.300000000000	-0.027822083173175
69.321600000000	-0.027470892512852
69.343200000000	-0.027122499122785
69.364800000000	-0.026776904915932
69.386400000000	-0.026434111790098
69.408000000000	-0.026094121627917
69.429600000000	-0.025756936296833
69.451200000000	-0.025422557649068
69.472800000000	-0.025090987521618
69.494400000000	-0.024762227736203
69.516000000000	-0.024436280099278
69.537600000000	-0.024113146401987
69.559200000000	-0.023792828420157
69.580800000000	-0.023475327914265
69.602400000000	-0.023160646629427
69.624000000000	-0.022848786295376
69.645600000000	-0.022539748626437
69.667200000000	-0.022233535321512
69.688800000000	-0.021930148064051
69.710400000000	-0.021629588522047
69.732000000000	-0.021331858348009
69.753600000000	-0.021036959178939
69.775200000000	-0.020744892636311
69.796800000000	-0.020455660326070
69.818400000000	-0.020169263838590
69.840000000000	-0.019885704748673
69.861600000000	-0.019604984615517
69.883200000000	-0.019327104982714
69.904800000000	-0.019052067378215
69.926400000000	-0.018779873314324
69.948000000000	-0.018510524287676
69.969600000000	-0.018244021779221
69.991200000000	-0.017980367254210
70.012800000000	-0.017719562162164
70.034400000000	-0.017461607936880
70.056000000000	-0.017206505996396
70.077600000000	-0.016954257742987
70.099200000000	-0.016704864563135
70.120800000000	-0.016458327827526
70.142400000000	-0.016214648891030
70.164000000000	-0.015973829092685
70.185600000000	-0.015735869755684
70.207200000000	-0.015500772187356
70.228800000000	-0.015268537679153
70.250400000000	-0.015039167506636
70.272000000000	-0.014812662929462
70.293600000000	-0.014589025191368
70.315200000000	-0.014368255520155
70.336800000000	-0.014150355127680
70.358400000000	-0.013935325209838
70.380000000000	-0.013723166946546
70.401600000000	-0.013513881501739
70.423200000000	-0.013307470023349
70.444800000000	-0.013103933643294
70.466400000000	-0.012903273477470
70.488000000000	-0.012705490625731
70.509600000000	-0.012510586171882
70.531200000000	-0.012318561183670
70.552800000000	-0.012129416712767
70.574400000000	-0.011943153794759
70.596000000000	-0.011759773449133
70.617600000000	-0.011579276679275
70.639200000000	-0.011401664472452
70.660800000000	-0.011226937799797
70.682400000000	-0.011055097616317
70.704000000000	-0.010886144860854
70.725600000000	-0.010720080456103
70.747200000000	-0.010556905308587
70.768800000000	-0.010396620308652
70.790400000000	-0.010239226330454
70.812000000000	-0.010084724231955
70.833600000000	-0.0099331148549119
70.855200000000	-0.0097843990248702
70.876800000000	-0.0096385775511467
70.898400000000	-0.0094956512268347
70.920000000000	-0.0093556208287844
70.941600000000	-0.0092184871176022
70.963200000000	-0.0090842508376434
70.984800000000	-0.0089529127169955
71.006400000000	-0.0088244734674855
71.028000000000	-0.0086989337846621
71.049600000000	-0.0085762943477872
71.071200000000	-0.0084565558198487
71.092800000000	-0.0083397188475224
71.114400000000	-0.0082257840611988
71.136000000000	-0.0081147520749541
71.157600000000	-0.0080066234865545
71.179200000000	-0.0079013988774497
71.200800000000	-0.0077990788127700
71.222400000000	-0.0076996638413076
71.244000000000	-0.0076031544955406
71.265600000000	-0.0075095512915971
71.287200000000	-0.0074188547292668
71.308800000000	-0.0073310652919974
71.330400000000	-0.0072461834468876
71.352000000000	-0.0071642096446866
71.373600000000	-0.0070851443197808
71.395200000000	-0.0070089878902048
71.416800000000	-0.0069357407576293
71.438400000000	-0.0068654033073603
71.460000000000	-0.0067979759083357
71.481600000000	-0.0067334589131277
71.503200000000	-0.0066718526579357
71.524800000000	-0.0066131574625849
71.546400000000	-0.0065573736305281
71.568000000000	-0.0065045014488368
71.589600000000	-0.0064545411882164
71.611200000000	-0.0064074931029794
71.632800000000	-0.0063633574310724
71.654400000000	-0.0063221343940525
71.676000000000	-0.0062838241971059
71.697600000000	-0.0062484270290320
71.719200000000	-0.0062159430622531
71.740800000000	-0.0061863724528112
71.762400000000	-0.0061597153403718
71.784000000000	-0.0061359718482198
71.805600000000	-0.0061151420832626
71.827200000000	-0.0060972261360365
71.848800000000	-0.0060822240806978
71.870400000000	-0.0060701359750338
71.892000000000	-0.0060609618604613
71.913600000000	-0.0060547017620246
71.935200000000	-0.0060513556884038
71.956800000000	-0.0060509236319215
71.978400000000	-0.0060534055685265
72.000000000000	-0.0060588014578195
72.021600000000	-0.0060671112430446
72.043200000000	-0.0060783348510918
72.064800000000	-0.0060924721925090
72.086400000000	-0.0061095231614932
72.108000000000	-0.0061294876359065
72.129600000000	-0.0061523654772760
72.151200000000	-0.0061781565307952
72.172800000000	-0.0062068606253371
72.194400000000	-0.0062384775734423
72.216000000000	-0.0062730071713481
72.237600000000	-0.0063104491989731
72.259200000000	-0.0063508034199382
72.280800000000	-0.0063940695815586
72.302400000000	-0.0064402474148559
72.324000000000	-0.0064893366345753
72.345600000000	-0.0065413369391727
72.367200000000	-0.0065962480108317
72.388800000000	-0.0066540695154687
72.410400000000	-0.0067148011027508
72.432000000000	-0.0067784424060806
72.453600000000	-0.0068449930426196
72.475200000000	-0.0069144526132986
72.496800000000	-0.0069868207028146
72.518400000000	-0.0070620968796452
72.540000000000	-0.0071402806960578
72.561600000000	-0.0072213716881191
72.583200000000	-0.0073053693756953
72.604800000000	-0.0073922732624690
72.626400000000	-0.0074820828359530
72.648000000000	-0.0075747975674918
72.669600000000	-0.0076704169122679
72.691200000000	-0.0077689403093226
72.712800000000	-0.0078703671815635
72.734400000000	-0.0079746969357666
72.756000000000	-0.0080819289625938
72.777600000000	-0.0081920626366049
72.799200000000	-0.0083050973162675
72.820800000000	-0.0084210323439663
72.842400000000	-0.0085398670460129
72.864000000000	-0.0086616007326632
72.885600000000	-0.0087862326981227
72.907200000000	-0.0089137622205676
72.928800000000	-0.0090441885621481
72.950400000000	-0.0091775109690056
72.972000000000	-0.0093137286712845
72.993600000000	-0.0094528408831411
73.015200000000	-0.0095948468027703
73.036800000000	-0.0097397456124003
73.058400000000	-0.0098875364783176
73.080000000000	-0.010038218550882
73.101600000000	-0.010191790964536
73.123200000000	-0.010348252837815
73.144800000000	-0.010507603273374
73.166400000000	-0.010669841357994
73.188000000000	-0.010834966162593
73.209600000000	-0.011002976742253
73.231200000000	-0.011173872136225
73.252800000000	-0.011347651367948
73.274400000000	-0.011524313445066
73.296000000000	-0.011703857359437
73.317600000000	-0.011886282087168
73.339200000000	-0.012071586588603
73.360800000000	-0.012259769808364
73.382400000000	-0.012450830675352
73.404000000000	-0.012644768102778
73.425600000000	-0.012841580988167
73.447200000000	-0.013041268213381
73.468800000000	-0.013243828644635
73.490400000000	-0.013449261132521
73.512000000000	-0.013657564512017
73.533600000000	-0.013868737602509
73.555200000000	-0.014082779207813
73.576800000000	-0.014299688116186
73.598400000000	-0.014519463100353
73.620000000000	-0.014742102917514
73.641600000000	-0.014967606309383
73.663200000000	-0.015195972002184
73.684800000000	-0.015427198706690
73.706400000000	-0.015661285118228
73.728000000000	-0.015898229916715
73.749600000000	-0.016138031766655
73.771200000000	-0.016380689317187
73.792800000000	-0.016626201202082
73.814400000000	-0.016874566039783
73.836000000000	-0.017125782433404
73.857600000000	-0.017379848970778
73.879200000000	-0.017636764224450
73.900800000000	-0.017896526751721
73.922400000000	-0.018159135094662
73.944000000000	-0.018424587780133
73.965600000000	-0.018692883319802
73.987200000000	-0.018964020210182
74.008800000000	-0.019237996932640
74.030400000000	-0.019514811953422
74.052000000000	-0.019794463723680
74.073600000000	-0.020076950679494
74.095200000000	-0.020362271241890
74.116800000000	-0.020650423816874
74.138400000000	-0.020941406795443
74.160000000000	-0.021235218553621
74.181600000000	-0.021531857452471
74.203200000000	-0.021831321838127
74.224800000000	-0.022133610041828
74.246400000000	-0.022438720379908
74.268000000000	-0.022746651153870
74.289600000000	-0.023057400650367
74.311200000000	-0.023370967141255
74.332800000000	-0.023687348883606
74.354400000000	-0.024006544119734
74.376000000000	-0.024328551077227
74.397600000000	-0.024653367968963
74.419200000000	-0.024980992993151
74.440800000000	-0.025311424333338
74.462400000000	-0.025644660158457
74.484000000000	-0.025980698622833
74.505600000000	-0.026319537866222
74.527200000000	-0.026661176013836
74.548800000000	-0.027005611176368
74.570400000000	-0.027352841450023
74.592000000000	-0.027702864916540
74.613600000000	-0.028055679643226
74.635200000000	-0.028411283682979
74.656800000000	-0.028769675074320
74.678400000000	-0.029130851841412
74.700000000000	-0.029494811994104
74.721600000000	-0.029861553527947
74.743200000000	-0.030231074424227
74.764800000000	-0.030603372649996
74.786400000000	-0.030978446158093
74.808000000000	-0.031356292887187
74.829600000000	-0.031736910761792
74.851200000000	-0.032120297692304
74.872800000000	-0.032506451575034
74.894400000000	-0.032895370292232
74.916000000000	-0.033287051712114
74.937600000000	-0.033681493688903
74.959200000000	-0.034078694062856
74.980800000000	-0.034478650660282
75.002400000000	-0.034881361293594
75.024000000000	-0.035286823761322
75.045600000000	-0.035695035848153
75.067200000000	-0.036105995324965
75.088800000000	-0.036519699948844
75.110400000000	-0.036936147463137
75.132000000000	-0.037355335597464
75.153600000000	-0.037777262067761
75.175200000000	-0.038201924576308
75.196800000000	-0.038629320811766
75.218400000000	-0.039059448449201
75.240000000000	-0.039492305150124
75.261600000000	-0.039927888562524
75.283200000000	-0.040366196320890
75.304800000000	-0.040807226046263
75.326400000000	-0.041250975346249
75.348000000000	-0.041697441815065
75.369600000000	-0.042146623033572
75.391200000000	-0.042598516569297
75.412800000000	-0.043053119976487
75.434400000000	-0.043510430796127
75.456000000000	-0.043970446555974
75.477600000000	-0.044433164770601
75.499200000000	-0.044898582941425
75.520800000000	-0.045366698556742
75.542400000000	-0.045837509091765
75.564000000000	-0.046311012008653
75.585600000000	-0.046787204756551
75.607200000000	-0.047266084771626
75.628800000000	-0.047747649477096
75.650400000000	-0.048231896283272
75.672000000000	-0.048718822587588
75.693600000000	-0.049208425774640
75.715200000000	-0.049700703216224
75.736800000000	-0.050195652271371
75.758400000000	-0.050693270286374
75.780000000000	-0.051193554594838
75.801600000000	-0.051696502517710
75.823200000000	-0.052202111363313
75.844800000000	-0.052710378427386
75.866400000000	-0.053221300993125
75.888000000000	-0.053734876331208
75.909600000000	-0.054251101699844
75.931200000000	-0.054769974344806
75.952800000000	-0.055291491499468
75.974400000000	-0.055815650384837
75.996000000000	-0.056342448209606
76.017600000000	-0.056871882170172
76.039200000000	-0.057403949450689
76.060800000000	-0.057938647223104
76.082400000000	-0.058475972647183
76.104000000000	-0.059015922870569
76.125600000000	-0.059558495028802
76.147200000000	-0.060103686245366
76.168800000000	-0.060651493631732
76.190400000000	-0.061201914287387
76.212000000000	-0.061754945299877
76.233600000000	-0.062310583744851
76.255200000000	-0.062868826686095
76.276800000000	-0.063429671175568
76.298400000000	-0.063993114253449
76.320000000000	-0.064559152948173
76.341600000000	-0.065127784276472
76.363200000000	-0.065699005243408
76.384800000000	-0.066272812842425
76.406400000000	-0.066849204055378
76.428000000000	-0.067428175852579
76.449600000000	-0.068009725192834
76.471200000000	-0.068593849023489
76.492800000000	-0.069180544280465
76.514400000000	-0.069769807888295
76.536000000000	-0.070361636760178
76.557600000000	-0.070956027798006
76.579200000000	-0.071552977892410
76.600800000000	-0.072152483922806
76.622400000000	-0.072754542757428
76.644000000000	-0.073359151253374
76.665600000000	-0.073966306256646
76.687200000000	-0.074576004602190
76.708800000000	-0.075188243113942
76.730400000000	-0.075803018604865
76.752000000000	-0.076420327876995
76.773600000000	-0.077040167721474
76.795200000000	-0.077662534918606
76.816800000000	-0.078287426237887
76.838400000000	-0.078914838438053
76.860000000000	-0.079544768267120
76.881600000000	-0.080177212462427
76.903200000000	-0.080812167750683
76.924800000000	-0.081449630847996
76.946400000000	-0.082089598459934
76.968000000000	-0.082732067281556
76.989600000000	-0.083377033997455
77.011200000000	-0.084024495281802
77.032800000000	-0.084674447798400
77.054400000000	-0.085326888200705
77.076000000000	-0.085981813131889
77.097600000000	-0.086639219224875
77.119200000000	-0.087299103102381
77.140800000000	-0.087961461376964
77.162400000000	-0.088626290651065
77.184000000000	-0.089293587517048
77.205600000000	-0.089963348557245
77.227200000000	-0.090635570344012
77.248800000000	-0.091310249439750
77.270400000000	-0.091987382396971
77.292000000000	-0.092666965758327
77.313600000000	-0.093348996056661
77.335200000000	-0.094033469815053
77.356800000000	-0.094720383546857
77.378400000000	-0.095409733755752
77.400000000000	-0.096101516935788
77.421600000000	-0.096795729571419
77.443200000000	-0.097492368137562
77.464800000000	-0.098191429099630
77.486400000000	-0.098892908913585
77.508000000000	-0.099596804025980
77.529600000000	-0.10030311087401
77.551200000000	-0.10101182588552
77.572800000000	-0.10172294547914
77.594400000000	-0.10243646606420
77.616000000000	-0.10315238404091
77.637600000000	-0.10387069580029
77.659200000000	-0.10459139772431
77.680800000000	-0.10531448618586
77.702400000000	-0.10603995754884
77.724000000000	-0.10676780816819
77.745600000000	-0.10749803438995
77.767200000000	-0.10823063255128
77.788800000000	-0.10896559898053
77.810400000000	-0.10970292999726
77.832000000000	-0.11044262191233
77.853600000000	-0.11118467102790
77.875200000000	-0.11192907363749
77.896800000000	-0.11267582602604
77.918400000000	-0.11342492446993
77.940000000000	-0.11417636523707
77.961600000000	-0.11493014458689
77.983200000000	-0.11568625877043
78.004800000000	-0.11644470403037
78.026400000000	-0.11720547660107
78.048000000000	-0.11796857270864
78.069600000000	-0.11873398857095
78.091200000000	-0.11950172039770
78.112800000000	-0.12027176439048
78.134400000000	-0.12104411674278
78.156000000000	-0.12181877364007
78.177600000000	-0.12259573125984
78.199200000000	-0.12337498577161
78.220800000000	-0.12415653333703
78.242400000000	-0.12494037010991
78.264000000000	-0.12572649223625
78.285600000000	-0.12651489585429
78.307200000000	-0.12730557709458
78.328800000000	-0.12809853208000
78.350400000000	-0.12889375692583
78.372000000000	-0.12969124773977
78.393600000000	-0.13049100062203
78.415200000000	-0.13129301166532
78.436800000000	-0.13209727695495
78.458400000000	-0.13290379256884
78.480000000000	-0.13371255457759
78.501600000000	-0.13452355904452
78.523200000000	-0.13533680202571
78.544800000000	-0.13615227957007
78.566400000000	-0.13696998771935
78.588000000000	-0.13778992250823
78.609600000000	-0.13861207996433
78.631200000000	-0.13943645610829
78.652800000000	-0.14026304695378
78.674400000000	-0.14109184850760
78.696000000000	-0.14192285676968
78.717600000000	-0.14275606773313
78.739200000000	-0.14359147738433
78.760800000000	-0.14442908170293
78.782400000000	-0.14526887666194
78.804000000000	-0.14611085822774
78.825600000000	-0.14695502236013
78.847200000000	-0.14780136501242
78.868800000000	-0.14864988213144
78.890400000000	-0.14950056965759
78.912000000000	-0.15035342352489
78.933600000000	-0.15120843966105
78.955200000000	-0.15206561398749
78.976800000000	-0.15292494241941
78.998400000000	-0.15378642086579
79.020000000000	-0.15465004522954
79.041600000000	-0.15551581140741
79.063200000000	-0.15638371529017
79.084800000000	-0.15725375276256
79.106400000000	-0.15812591970340
79.128000000000	-0.15900021198559
79.149600000000	-0.15987662547621
79.171200000000	-0.16075515603652
79.192800000000	-0.16163579952204
79.214400000000	-0.16251855178259
79.236000000000	-0.16340340866232
79.257600000000	-0.16429036599979
79.279200000000	-0.16517941962798
79.300800000000	-0.16607056537438
79.322400000000	-0.16696379906101
79.344000000000	-0.16785911650447
79.365600000000	-0.16875651351599
79.387200000000	-0.16965598590151
79.408800000000	-0.17055752946167
79.430400000000	-0.17146113999188
79.452000000000	-0.17236681328242
79.473600000000	-0.17327454511840
79.495200000000	-0.17418433127988
79.516800000000	-0.17509616754186
79.538400000000	-0.17601004967440
79.560000000000	-0.17692597344259
79.581600000000	-0.17784393460666
79.603200000000	-0.17876392892198
79.624800000000	-0.17968595213914
79.646400000000	-0.18061000000401
79.668000000000	-0.18153606825773
79.689600000000	-0.18246415263683
79.711200000000	-0.18339424887321
79.732800000000	-0.18432635269424
79.754400000000	-0.18526045982279
79.776000000000	-0.18619656597728
79.797600000000	-0.18713466687172
79.819200000000	-0.18807475821575
79.840800000000	-0.18901683571472
79.862400000000	-0.18996089506972
79.884000000000	-0.19090693197761
79.905600000000	-0.19185494213110
79.927200000000	-0.19280492121878
79.948800000000	-0.19375686492516
79.970400000000	-0.19471076893076
79.992000000000	-0.19566662891209
80.013600000000	-0.19662444054175
80.035200000000	-0.19758419948848
80.056800000000	-0.19854590141715
80.078400000000	-0.19950954198888
80.100000000000	-0.20047511686105
80.121600000000	-0.20144262168736
80.143200000000	-0.20241205211784
80.164800000000	-0.20338340379898
80.186400000000	-0.20435667237368
80.208000000000	-0.20533185348137
80.229600000000	-0.20630894275803
80.251200000000	-0.20728793583623
80.272800000000	-0.20826882834519
80.294400000000	-0.20925161591084
80.316000000000	-0.21023629415584
80.337600000000	-0.21122285869963
80.359200000000	-0.21221130515851
80.380800000000	-0.21320162914565
80.402400000000	-0.21419382627116
80.424000000000	-0.21518789214212
80.445600000000	-0.21618382236264
80.467200000000	-0.21718161253393
80.488800000000	-0.21818125825427
80.510400000000	-0.21918275511916
80.532000000000	-0.22018609872129
80.553600000000	-0.22119128465063
80.575200000000	-0.22219830849442
80.596800000000	-0.22320716583731
80.618400000000	-0.22421785226133
80.640000000000	-0.22523036334596
80.661600000000	-0.22624469466818
80.683200000000	-0.22726084180253
80.704800000000	-0.22827880032112
80.726400000000	-0.22929856579372
80.748000000000	-0.23032013378776
80.769600000000	-0.23134349986844
80.791200000000	-0.23236865959872
80.812800000000	-0.23339560853938
80.834400000000	-0.23442434224907
80.856000000000	-0.23545485628440
80.877600000000	-0.23648714619989
80.899200000000	-0.23752120754811
80.920800000000	-0.23855703587969
80.942400000000	-0.23959462674335
80.964000000000	-0.24063397568596
80.985600000000	-0.24167507825261
81.007200000000	-0.24271792998661
81.028800000000	-0.24376252642959
81.050400000000	-0.24480886312149
81.072000000000	-0.24585693560065
81.093600000000	-0.24690673940383
81.115200000000	-0.24795827006628
81.136800000000	-0.24901152312175
81.158400000000	-0.25006649410258
81.180000000000	-0.25112317853971
81.201600000000	-0.25218157196275
81.223200000000	-0.25324166990001
81.244800000000	-0.25430346787853
81.266400000000	-0.25536696142420
81.288000000000	-0.25643214606169
81.309600000000	-0.25749901731460
81.331200000000	-0.25856757070544
81.352800000000	-0.25963780175573
81.374400000000	-0.26070970598597
81.396000000000	-0.26178327891577
81.417600000000	-0.26285851606383
81.439200000000	-0.26393541294801
81.460800000000	-0.26501396508539
81.482400000000	-0.26609416799230
81.504000000000	-0.26717601718435
81.525600000000	-0.26825950817650
81.547200000000	-0.26934463648309
81.568800000000	-0.27043139761790
81.590400000000	-0.27151978709417
81.612000000000	-0.27260980042468
81.633600000000	-0.27370143312175
81.655200000000	-0.27479468069732
81.676800000000	-0.27588953866299
81.698400000000	-0.27698600253005
81.720000000000	-0.27808406780953
81.741600000000	-0.27918373001226
81.763200000000	-0.28028498464887
81.784800000000	-0.28138782722990
81.806400000000	-0.28249225326580
81.828000000000	-0.28359825826696
81.849600000000	-0.28470583774380
81.871200000000	-0.28581498720679
81.892800000000	-0.28692570216648
81.914400000000	-0.28803797813358
81.936000000000	-0.28915181061896
81.957600000000	-0.29026719513372
81.979200000000	-0.29138412718925
82.000800000000	-0.29250260229723
82.022400000000	-0.29362261596970
82.044000000000	-0.29474416371911
82.065600000000	-0.29586724105834
82.087200000000	-0.29699184350076
82.108800000000	-0.29811796656028
82.130400000000	-0.29924560575136
82.152000000000	-0.30037475658910
82.173600000000	-0.30150541458924
82.195200000000	-0.30263757526823
82.216800000000	-0.30377123414326
82.238400000000	-0.30490638673230
82.260000000000	-0.30604302855415
82.281600000000	-0.30718115512850
82.303200000000	-0.30832076197593
82.324800000000	-0.30946184461799
82.346400000000	-0.31060439857722
82.368000000000	-0.31174841937719
82.389600000000	-0.31289390254259
82.411200000000	-0.31404084359920
82.432800000000	-0.31518923807397
82.454400000000	-0.31633908149507
82.476000000000	-0.31749036939192
82.497600000000	-0.31864309729521
82.519200000000	-0.31979726073699
82.540800000000	-0.32095285525068
82.562400000000	-0.32210987637109
82.584000000000	-0.32326831963453
82.605600000000	-0.32442818057877
82.627200000000	-0.32558945474314
82.648800000000	-0.32675213766855
82.670400000000	-0.32791622489752
82.692000000000	-0.32908171197425
82.713600000000	-0.33024859444464
82.735200000000	-0.33141686785632
82.756800000000	-0.33258652775872
82.778400000000	-0.33375756970308
82.800000000000	-0.33492998924254
